18 31 0
19 57 0
20 57 0
21 52 0
22 51 0
23 60 0
24 49 0
25 57 0
26 66 0
27 56 0
28 59 0
29 59 0
30 62 0
31 65 0
32 50 0
33 66 0
34 61 0
35 68 0
36 68 0
37 53 0
38 60 0
39 56 0
40 64 0
41 59 0
42 52 0
43 56 0
44 52 0
45 67 0
46 63 0
47 50 0
48 62 0
49 54 0
50 55 0
51 53 0
52 51 0
53 10 0
54 0 0
55 0 0
56 0 0
57 0 0
58 0 0
59 0 0
0 0 0
1 0 0
2 0 0
3 0 0
4 0 0
5 0 0
6 0 0
7 0 0
8 0 0
9 0 0
10 43 0
11 75 0
12 30 0
13 32 0
14 31 0
15 38 0
16 25 0
17 42 0
18 62 0
19 58 0
20 63 0
21 57 0
22 55 0
23 60 0
24 66 0
25 67 0
26 56 0
27 63 0
28 57 0
29 67 0
30 68 0
31 45 0
32 69 0
33 70 0
34 67 0
35 65 0
36 56 0
37 63 0
38 66 0
39 65 0
40 60 0
41 61 0
42 63 0
43 66 0
44 60 0
45 57 0
46 59 0
47 70 0
48 67 0
49 67 0
50 60 0
51 66 0
52 56 0
53 67 0
54 55 0
55 52 0
56 64 0
57 68 0
58 58 0
59 58 0
0 58 0
1 65 0
2 65 0
3 61 0
4 58 0
5 55 0
6 62 0
7 68 0
8 61 0
9 56 0
10 57 0
11 60 0
12 53 0
13 63 0
14 58 0
15 65 0
16 69 0
17 58 0
18 60 0
19 54 0
20 61 0
21 57 0
22 71 0
23 62 0
24 60 0
25 67 0
26 64 0
27 64 0
28 63 0
29 59 0
30 59 0
31 64 0
32 57 0
33 60 0
34 61 0
35 62 0
36 63 0
37 63 0
38 63 0
39 63 0
40 65 0
41 54 0
42 66 0
43 43 0
44 80 0
45 83 0
46 71 0
47 61 0
48 60 0
49 61 0
50 65 0
51 69 0
52 69 0
53 75 0
54 61 0
55 69 0
56 71 0
57 69 0
58 70 0
59 69 0
0 67 0
1 65 0
2 63 0
3 63 0
4 69 0
5 68 0
6 44 0
7 45 0
8 43 0
9 50 0
10 69 0
11 64 0
12 58 0
13 46 0
14 46 0
15 61 0
16 66 0
17 62 0
18 70 0
19 68 0
20 63 0
21 63 0
22 72 0
23 65 0
24 70 0
25 69 0
26 74 0
27 67 0
28 67 0
29 67 0
30 66 0
31 65 0
32 56 0
33 63 0
34 67 0
35 67 0
36 68 0
37 76 0
38 58 0
39 74 0
40 72 0
41 66 0
42 58 0
43 67 0
44 72 0
45 69 0
46 71 0
47 64 0
48 63 0
49 57 0
50 72 0
51 70 0
52 52 0
53 61 0
54 70 0
55 66 0
56 72 0
57 72 0
58 70 0
59 70 0
0 63 0
1 67 0
2 68 0
3 75 0
4 62 0
5 69 0
6 66 0
7 59 0
8 64 0
9 68 0
10 69 0
11 66 0
12 62 0
13 65 0
14 74 0
15 64 0
16 59 0
17 58 0
18 67 0
19 59 0
20 65 0
21 73 0
22 69 0
23 78 0
24 63 0
25 67 0
26 63 0
27 79 0
28 65 0
29 67 0
30 71 0
31 69 0
32 64 0
33 65 0
34 95 0
35 72 0
36 57 0
37 63 0
38 73 0
39 76 0
40 66 0
41 74 0
42 61 0
43 68 0
44 64 0
45 72 0
46 63 0
47 72 0
48 65 0
49 58 0
50 69 0
51 71 0
52 60 0
53 68 0
54 60 0
55 63 0
56 64 0
57 71 0
58 61 0
59 60 0
0 57 0
1 65 0
2 68 0
3 70 0
4 55 0
5 62 0
6 58 0
7 60 0
8 60 0
9 53 0
10 56 0
11 57 0
12 60 0
13 49 0
14 58 0
15 56 0
16 55 0
17 56 0
18 59 0
19 58 0
20 67 0
21 59 0
22 66 0
23 59 0
24 56 0
25 58 0
26 63 0
27 57 0
28 56 0
29 70 0
30 59 0
31 60 0
32 68 0
33 60 0
34 56 0
35 60 0
36 85 0
37 84 0
38 64 0
39 63 0
40 63 0
41 62 0
42 59 0
43 58 0
44 49 0
45 55 0
46 57 0
47 54 0
48 52 0
49 59 0
50 63 0
51 67 0
52 68 0
53 60 0
54 65 0
55 69 0
56 69 0
57 69 0
58 70 0
59 60 0
0 55 0
1 72 0
2 60 0
3 65 0
4 69 0
5 61 0
6 70 0
7 68 0
8 78 0
9 54 0
10 64 0
11 60 0
12 63 0
13 65 0
14 55 0
15 67 0
16 58 0
17 70 0
18 64 0
19 66 0
20 57 0
21 59 0
22 65 0
23 64 0
24 87 0
25 59 0
26 52 0
27 53 0
28 57 0
29 56 0
30 64 0
31 65 0
32 70 0
33 63 0
34 61 0
35 55 0
36 60 0
37 57 0
38 62 0
39 60 0
40 55 0
41 52 0
42 54 0
43 56 0
44 63 0
45 64 0
46 50 0
47 60 0
48 61 0
49 61 0
50 56 0
51 53 0
52 59 0
53 60 0
54 58 0
55 51 0
56 57 0
57 55 0
58 52 0
59 66 0
0 54 0
1 53 0
2 65 0
3 64 0
4 57 0
5 53 0
6 58 0
7 65 0
8 52 0
9 54 0
10 58 0
11 53 0
12 64 0
13 54 0
14 56 0
15 64 0
16 62 0
17 69 0
18 56 0
19 59 0
20 63 0
21 63 0
22 65 0
23 66 0
24 72 0
25 69 0
26 66 0
27 71 0
28 57 0
29 62 0
30 62 0
31 69 0
32 69 0
33 65 0
34 68 0
35 59 0
36 54 0
37 60 0
38 62 0
39 64 0
40 62 0
41 62 0
42 70 0
43 58 0
44 63 0
45 71 0
46 64 0
47 64 0
48 61 0
49 67 0
50 70 0
51 62 0
52 63 0
53 68 0
54 60 0
55 66 0
56 58 0
57 63 0
58 65 0
59 67 0
0 70 0
1 73 0
2 58 0
3 65 0
4 67 0
5 61 0
6 66 0
7 67 0
8 62 0
9 66 0
10 73 0
11 66 0
12 63 0
13 80 0
14 89 0
15 68 0
16 57 0
17 66 0
18 71 0
19 63 0
20 73 0
21 73 0
22 67 0
23 68 0
24 67 0
25 71 0
26 70 0
27 73 0
28 62 0
29 69 0
30 64 0
31 73 0
32 74 0
33 67 0
34 62 0
35 74 0
36 68 0
37 61 0
38 67 0
39 70 0
40 69 0
41 67 0
42 75 0
43 69 0
44 60 0
45 70 0
46 69 0
47 64 0
48 74 0
49 76 0
50 66 0
51 73 0
52 64 0
53 75 0
54 67 0
55 66 0
56 68 0
57 68 0
58 56 0
59 65 0
0 67 0
1 66 0
2 63 0
3 79 0
4 63 0
5 73 0
6 67 0
7 66 0
8 68 0
9 74 0
10 63 0
11 75 0
12 68 0
13 60 0
14 74 0
15 76 0
16 65 0
17 72 0
18 66 0
19 73 0
20 75 0
21 65 0
22 61 0
23 68 0
24 74 0
25 72 0
26 66 0
27 64 0
28 68 0
29 73 0
30 61 0
31 67 0
32 66 0
33 67 0
34 68 0
35 77 0
36 64 0
37 63 0
38 73 0
39 75 0
40 63 0
41 71 0
42 65 0
43 63 0
44 63 0
45 70 0
46 59 0
47 78 0
48 72 0
49 62 0
50 66 0
51 67 0
52 67 0
53 77 0
54 63 0
55 66 0
56 74 0
57 67 0
58 91 0
59 96 0
0 71 0
1 72 0
2 65 0
3 95 0
4 101 0
5 71 0
6 77 0
7 60 0
8 76 0
9 59 0
10 68 0
11 64 0
12 70 0
13 73 0
14 64 0
15 75 0
16 70 0
17 64 0
18 73 0
19 66 0
20 68 0
21 73 0
22 68 0
23 72 0
24 77 0
25 63 0
26 79 0
27 70 0
28 81 0
29 60 0
30 81 0
31 70 0
32 77 0
33 71 0
34 76 0
35 80 0
36 69 0
37 72 0
38 70 0
39 74 0
40 78 0
41 65 0
42 73 0
43 64 0
44 80 0
45 60 0
46 83 0
47 68 0
48 65 0
49 70 0
50 75 0
51 74 0
52 63 0
53 83 0
54 65 0
55 65 0
56 70 0
57 64 0
58 56 0
59 74 0
0 76 0
1 65 0
2 72 0
3 78 0
4 65 0
5 75 0
6 71 0
7 72 0
8 74 0
9 66 0
10 75 0
11 76 0
12 77 0
13 74 0
14 71 0
15 68 0
16 73 0
17 74 0
18 60 0
19 74 0
20 64 0
21 66 0
22 64 0
23 68 0
24 65 0
25 79 0
26 69 0
27 72 0
28 73 0
29 73 0
30 78 0
31 67 0
32 82 0
33 62 0
34 65 0
35 70 0
36 69 0
37 75 0
38 69 0
39 56 0
40 74 0
41 73 0
42 79 0
43 78 0
44 72 0
45 84 0
46 72 0
47 71 0
48 78 0
49 70 0
50 76 0
51 71 0
52 62 0
53 94 0
54 85 0
55 66 0
56 68 0
57 72 0
58 71 0
59 79 0
0 72 0
1 81 0
2 75 0
3 71 0
4 81 0
5 74 0
6 72 0
7 72 0
8 79 0
9 78 0
10 74 0
11 72 0
12 75 0
13 68 0
14 71 0
15 72 0
16 71 0
17 79 0
18 63 0
19 77 0
20 69 0
21 80 0
22 73 0
23 83 0
24 71 0
25 67 0
26 77 0
27 61 0
28 69 0
29 75 0
30 80 0
31 68 0
32 71 0
33 77 0
34 74 0
35 69 0
36 76 0
37 69 0
38 68 0
39 65 0
40 78 0
41 64 0
42 74 0
43 68 0
44 73 0
45 62 0
46 73 0
47 65 0
48 62 0
49 74 0
50 75 0
51 84 0
52 74 0
53 85 0
54 71 0
55 79 0
56 78 0
57 77 0
58 70 0
59 75 0
0 77 0
1 71 0
2 85 0
3 78 0
4 69 0
5 71 0
6 67 0
7 72 0
8 86 0
9 65 0
10 62 0
11 62 0
12 76 0
13 63 0
14 69 0
15 82 0
16 66 0
17 62 0
18 59 0
19 82 0
20 77 0
21 75 0
22 68 0
23 86 0
24 81 0
25 78 0
26 71 0
27 74 0
28 79 0
29 83 0
30 73 0
31 85 0
32 70 0
33 75 0
34 86 0
35 70 0
36 71 0
37 59 0
38 71 0
39 67 0
40 85 0
41 78 0
42 89 0
43 137 0
44 75 0
45 75 0
46 83 0
47 74 0
48 80 0
49 75 0
50 70 0
51 71 0
52 66 0
53 78 0
54 66 0
55 68 0
56 75 0
57 69 0
58 83 0
59 63 0
0 64 0
1 62 0
2 65 0
3 69 0
4 84 0
5 69 0
6 82 0
7 76 0
8 73 0
9 84 0
10 69 0
11 64 0
12 76 0
13 68 0
14 75 0
15 68 0
16 75 0
17 71 0
18 74 0
19 68 0
20 83 0
21 71 0
22 104 0
23 125 0
24 76 0
25 71 0
26 65 0
27 85 0
28 69 0
29 74 0
30 75 0
31 78 0
32 75 0
33 80 0
34 76 0
35 71 0
36 70 0
37 67 0
38 68 0
39 82 0
40 76 0
41 79 0
42 74 0
43 68 0
44 68 0
45 78 0
46 71 0
47 77 0
48 74 0
49 67 0
50 55 0
51 61 0
52 70 0
53 70 0
54 75 0
55 67 0
56 62 0
57 66 0
58 57 0
59 69 0
0 74 0
1 79 0
2 80 0
3 74 0
4 73 0
5 71 0
6 66 0
7 75 0
8 65 0
9 75 0
10 71 0
11 64 0
12 72 0
13 85 0
14 81 0
15 73 0
16 81 0
17 69 0
18 80 0
19 63 0
20 70 0
21 69 0
22 64 0
23 68 0
24 66 0
25 70 0
26 70 0
27 67 0
28 65 0
29 63 0
30 77 0
31 73 0
32 75 0
33 102 0
34 67 0
35 74 0
36 72 0
37 79 0
38 74 0
39 67 0
40 70 0
41 68 0
42 75 0
43 66 0
44 74 0
45 65 0
46 76 0
47 67 0
48 65 0
49 54 0
50 62 0
51 67 0
52 77 0
53 68 0
54 63 0
55 63 0
56 74 0
57 72 0
58 64 0
59 68 0
0 61 0
1 74 0
2 62 0
3 69 0
4 69 0
5 67 0
6 68 0
7 60 0
8 74 0
9 80 0
10 67 0
11 66 0
12 67 0
13 60 0
14 77 0
15 74 0
16 67 0
17 70 0
18 70 0
19 72 0
20 72 0
21 64 0
22 69 0
23 69 0
24 72 0
25 74 0
26 64 0
27 67 0
28 74 0
29 74 0
30 64 0
31 72 0
32 67 0
33 76 0
34 60 0
35 75 0
36 71 0
37 71 0
38 69 0
39 67 0
40 66 0
41 66 0
42 62 0
43 69 0
44 80 0
45 71 0
46 66 0
47 69 0
48 64 0
49 64 0
50 72 0
51 64 0
52 67 0
53 55 0
54 70 0
55 68 0
56 65 0
57 77 0
58 62 0
59 66 0
0 57 0
1 71 0
2 59 0
3 65 0
4 69 0
5 68 0
6 69 0
7 63 0
8 54 0
9 67 0
10 65 0
11 63 0
12 70 0
13 64 0
14 58 0
15 59 0
16 68 0
17 68 0
18 56 0
19 66 0
20 62 0
21 61 0
22 76 0
23 70 0
24 59 0
25 56 0
26 67 0
27 61 0
28 62 0
29 56 0
30 62 0
31 58 0
